42 3468 1335 1501 4170 725 1479 4359 1963 4465 706 3146 3282 1828 4962 492 2996 1943 4828 437 2392 4605 3903 154 293 2383 2422 3717 4719 4896 
5448 1727 4772 1539 1870 9913 5668 6300 7036 9895 8704 3812 1323 334 7674 4665 5142 7712 8254 6869 5548 7645 2663 2758 38 2860 8724 9742 7530 779 
12317 3036 7191 1843 289 107 9041 8943 4265 7649 12447 8806 891 6730 9371 351 7 1102 9394 3549 4630 12624 9085 4955 3757 11841 4967 7377 13932 11309 
16945 12440 4627 11324 5538 1539 16119 2083 2930 16542 4834 11116 4640 9659 2705 9931 13978 2307 11674 2387 5022 8746 6925 19073 6271 5830 6778 15574 5098 16513 
23987 13291 9162 18637 22356 24768 23656 15575 4032 12053 2351 1151 16942 21725 13967 3431 6108 5192 18008 11338 15458 12288 2754 10384 14946 8910 7210 9759 24222 18589 
6423 24947 27507 13031 16414 29169 901 2592 18763 1656 17411 6360 27625 20538 21549 6484 27596 4042 3603 24351 10292 837 9375 11021 4597 24022 27349 23200 19669 24485 
8282 4735 54 2000 26419 27939 6901 3789 18128 468 3729 14894 24649 22484 17808 2422 14311 6618 22814 9515 14310 7617 18936 17452 20601 5250 16520 31557 22799 30304 
6225 11009 5845 32610 14990 32703 3196 20486 3094 14344 30524 1588 29315 9504 7449 25201 13459 6619 20581 19797 14799 15282 19590 20799 28010 27158 20473 23623 18539 12293 
6039 24180 18191 29658 7959 6192 19816 22889 19157 11512 16203 2635 24273 20056 20329 22647 26363 4887 18876 28434 29870 20143 23845 1417 21882 31999 10323 18652 10022 5700 
3558 28477 27893 24390 5076 10713 2601 2511 21004 26870 17862 14689 13402 9790 15256 16424 5003 10586 24183 10286 27089 31427 28618 23758 9833 30933 4170 2155 25722 17190 
4977 1330 2369 3693 1426 556 3435 1550 2442 4513 146 3061 1719 3754 1140 2424 1280 997 1688 2530 2550 2438 4867 2950 194 3196 3298 417 3287 1106 
4489 6283 2456 5735 8115 1702 1317 672 5787 2264 4314 4356 1186 54 913 809 1833 946 4314 7757 8322 9559 3647 7983 482 4145 3197 223 7130 2162 
5536 5451 11174 10467 12045 6660 11293 11440 2254 5025 11155 14511 4746 5650 13187 8314 4475 13023 2169 14019 3788 9906 2959 7392 10203 3626 11478 4415 9315 10825 
9335 5875 4373 160 11834 8071 7488 8298 7519 8178 17774 12271 1764 2669 17193 13986 3103 8481 9214 7628 4803 4100 10528 2626 1544 1925 11024 9973 13062 14182 
6004 2433 17506 2594 22726 13032 8493 143 17223 6287 13065 7901 19188 8361 22414 5975 14271 4171 236 5834 19712 761 18897 4668 7286 12551 141 13695 2696 21625 
28020 2126 26577 21695 22659 26303 17372 22467 4679 22594 23852 25485 1019 28465 21120 23153 2801 18088 1061 1927 9011 4758 2171 20316 9577 228 12044 22759 7165 5110 
7883 17087 29566 3488 29578 14475 2626 25628 5630 31929 25424 28521 6903 14963 124 24597 3738 13262 10196 32526 1265 8261 6203 8117 5031 20327 29012 30772 6412 25548 
21154 21521 29791 14925 30189 21764 4941 20852 18663 13830 30901 17714 18959 17579 8366 13008 11478 1201 26059 6440 2304 12761 19358 2325 6478 5109 21114 14888 19802 22851 
14461 22429 12994 27385 19406 6541 31112 28705 12836 32357 6073 29351 18824 14486 20557 23217 1627 9358 8527 13358 29338 23272 23870 29362 12897 13023 29618 10113 12718 18697 
11586 24042 24424 24130 24230 4566 6560 8933 22297 29856 12054 16963 3585 29735 6655 16973 21458 14370 22533 2964 2608 2484 912 11636 10068 22849 4676 12939 2224 22143 
12 13 13 12 12 10 8 12 11 11 11 12 13 12 12 12 12 12 12 12 11 11 11 12 12 12 13 13 7 11 12 12 13 13 10 8 12 13 12 12 11 13 11 13 12 10 12 12 12 11 12 12 11 10 11 12 12 9 11 12 12 9 13 8 12 13 10 9 10 12 12 13 11 10 13 11 11 13 11 12 11 11 11 12 13 11 12 12 11 12 11 10 11 13 11 9 12 11 10 13 12 13 11 13 12 12 11 9 13 12 12 11 11 13 10 11 12 10 9 13 
13 12 13 12 11 12 14 13 10 12 13 13 12 13 12 13 12 13 11 11 11 13 14 13 14 14 14 10 13 12 10 14 13 12 11 12 14 13 13 11 13 13 13 13 13 13 9 11 13 14 8 13 13 13 10 12 12 9 13 12 14 9 12 11 13 13 14 13 12 12 14 13 13 13 12 13 13 13 13 13 12 13 10 13 13 14 13 13 11 13 12 13 13 12 11 13 14 13 13 12 13 12 12 13 12 11 12 14 13 11 12 12 13 11 13 13 13 12 14 13 
14 14 13 11 10 13 13 11 12 13 14 14 14 14 14 14 14 14 14 13 11 14 12 14 14 14 14 13 12 14 12 11 13 13 14 11 14 14 12 13 12 14 10 12 14 14 11 12 11 14 14 14 13 14 14 13 14 12 14 14 10 14 14 14 12 14 14 14 14 14 13 14 12 12 13 14 14 13 11 14 11 14 14 14 14 14 12 14 13 12 13 14 14 14 14 12 14 14 13 13 13 13 13 14 14 14 11 13 13 11 12 14 12 14 14 14 12 11 12 14 
14 14 13 14 15 15 15 15 13 10 13 11 15 14 13 13 11 11 12 12 15 13 14 15 13 14 14 8 13 13 11 14 10 13 11 14 6 14 9 12 15 13 14 12 15 15 15 13 14 14 14 13 13 15 15 15 14 15 14 13 12 13 15 13 13 13 14 13 13 14 14 12 15 14 15 14 13 14 14 14 12 12 15 14 13 14 13 15 14 12 14 14 13 14 14 14 12 14 13 15 12 15 13 10 13 15 11 15 12 15 13 13 14 15 13 13 14 12 13 14 
15 15 11 14 14 8 15 13 15 14 14 14 15 15 13 11 10 14 10 13 15 15 9 15 11 11 15 13 14 15 13 14 13 11 15 15 15 11 8 12 12 13 14 15 15 13 14 14 15 14 7 15 14 14 13 15 14 12 13 13 13 13 15 14 13 14 14 15 15 15 11 15 14 15 15 13 13 14 14 15 13 15 13 13 12 14 14 15 10 14 13 14 15 13 15 12 13 15 15 12 2 14 15 14 15 13 13 13 15 14 14 14 14 12 12 15 14 14 14 11 
14 15 15 15 14 14 15 15 15 13 14 14 15 14 14 12 15 15 15 15 15 14 15 15 12 11 15 12 14 15 15 15 15 15 15 12 14 14 15 15 15 15 11 13 14 13 14 12 14 14 14 14 15 13 15 11 11 15 10 15 15 13 14 15 12 14 15 15 12 15 13 13 15 14 14 15 13 13 13 14 14 9 15 13 13 15 14 15 15 15 11 15 15 14 14 15 14 12 15 14 15 14 15 12 15 15 15 15 13 15 14 13 14 15 15 15 14 13 15 13 
15 13 15 8 13 10 14 15 12 14 15 8 15 14 14 15 9 13 15 16 15 14 11 14 11 15 15 15 13 15 15 15 15 15 14 16 14 13 15 15 15 15 15 15 15 15 14 16 15 14 15 14 14 13 14 14 12 14 15 14 15 15 14 15 15 14 14 16 9 13 12 15 14 15 15 14 14 14 15 15 15 14 15 15 12 16 15 14 15 14 15 15 15 14 14 15 14 15 15 10 15 13 15 13 15 15 15 13 15 14 15 13 15 13 13 16 12 15 15 14 
14 15 14 14 16 15 15 16 14 15 16 15 15 13 16 15 16 15 15 13 16 15 15 15 15 14 15 16 15 13 16 15 14 14 15 16 12 14 13 16 15 14 15 15 8 13 16 16 15 15 16 15 15 13 14 15 15 15 15 15 14 15 13 16 13 16 15 15 15 15 15 15 15 16 15 14 16 15 15 15 15 9 16 14 14 12 14 14 16 14 15 15 15 16 14 15 9 15 13 11 15 16 16 12 15 14 16 15 16 14 14 16 12 15 16 15 14 15 15 14 
15 15 16 15 16 15 14 14 15 15 14 16 16 16 16 15 14 15 16 15 16 15 14 13 15 13 15 14 14 16 14 14 16 14 12 14 16 15 16 15 14 16 15 10 12 15 15 14 15 14 13 15 16 16 15 15 16 16 16 15 13 16 13 15 15 15 16 14 14 15 10 15 16 16 16 14 14 15 15 15 15 14 14 15 15 15 13 15 15 15 13 16 14 15 14 15 15 16 16 16 11 15 14 13 14 14 14 16 15 15 15 16 16 13 15 13 14 16 13 15 
16 15 16 16 16 15 16 14 16 16 14 16 16 12 14 16 15 14 15 16 15 15 16 13 15 16 12 16 16 14 16 15 16 16 15 16 15 15 16 9 15 14 14 16 14 16 16 15 15 15 16 11 14 15 16 16 15 14 14 16 16 12 15 14 16 15 15 16 14 13 14 13 15 13 16 16 16 15 16 16 15 8 15 15 16 16 16 15 16 16 13 16 13 15 15 15 16 14 14 14 16 14 14 14 14 14 12 15 13 15 13 16 15 16 15 16 16 16 16 16 
